-0.699504	-0.692737	0.612157	-0.697225	0.801566	-0.700878	0.877992	1.34415	-0.698955	-0.686626	-0.503889	-0.698601	-0.167793	2.92105	-0.700076	-0.585138	0.339494	-0.690635	1.98604	-0.547607	0.737465	-0.687062	-0.168347	-0.694833
-0.759757	1.31555	-0.99685	-0.978112	0.643673	-0.419111	-0.414673	1.74894	-0.490976	0.00106227	2.68471	-0.605688	1.4336	-1.10989	-0.298475	0.374956	-0.780765	-0.686991	-1.1004	-0.732412	-0.0615033	0.0536871	0.420025	0.759405
0.105463	-0.795947	0.747725	1.00501	-0.873365	0.449772	0.0759867	-1.34312	0.851446	-0.1812	-2.33279	1.22199	-0.771968	0.035702	1.54488	-0.71622	0.830283	0.92197	0.660026	1.46194	-0.901665	-0.409961	-1.27805	-0.307906
-0.348754	1.30601	-1.23214	-0.820172	-0.597559	-0.974014	-1.0867	1.19875	0.152869	0.484902	2.95902	0.0473414	0.602781	-0.730689	-0.452877	0.233567	-0.648294	0.517139	-0.147899	-1.55776	0.913449	-0.151828	0.812836	-0.479972
0.163348	0.165255	-0.695653	-0.814829	-0.795447	-0.813052	2.71787	1.55317	0.458979	2.45781	-0.42073	-0.830748	-0.437013	0.66719	-0.820794	-0.334764	0.193803	-0.828804	0.00627198	-0.202915	-0.807861	-0.0154867	-0.824147	0.258544
0.859781	-1.02764	-1.57854	0.206997	-0.729425	-1.21477	0.0974915	0.176621	-0.501427	-0.594748	-0.93117	0.255509	-1.82064	0.557431	1.37901	0.283806	1.55094	0.294642	0.545935	0.443376	-1.54605	1.66557	0.837846	0.789453
-0.831482	-0.905341	-0.362034	0.58837	1.15159	1.05882	0.0420907	0.0882757	-1.23569	0.451002	-1.11378	1.98989	-0.898746	-0.592889	-0.0408926	-0.715543	0.254432	1.39401	-0.984238	0.102892	0.715996	2.01722	-0.988633	-1.18531
-1.44959	0.301652	-0.4502	-1.38344	0.615879	-1.90107	-0.425267	1.27544	-0.329119	-1.40027	0.786833	0.458501	-1.66269	0.273116	0.698637	0.594914	0.96771	0.186906	0.0519467	0.396549	0.452842	1.27854	-0.917957	1.58014
1.18907	1.49428	-1.14804	-0.504928	0.642851	-2.24971	0.398766	-0.23521	0.463007	-1.89902	-0.648183	0.202697	0.0958444	-0.385452	-0.12857	0.826394	-0.0136236	-1.13723	-0.602974	0.360476	1.07408	0.99667	-0.465142	1.67393
-0.994724	-0.56289	1.49397	-0.974886	2.4401	0.776895	2.41308	0.240891	-0.192851	-0.79227	0.867099	-0.912897	-0.473089	-0.974036	-0.183218	-0.335854	-1.01415	0.187413	-1.01381	0.435023	-0.155005	0.178217	-0.406147	-0.0468577
0.664126	-1.4047	0.621475	-0.190833	-0.145989	-1.11883	0.12842	-2.58639	0.389569	-0.478908	-1.53483	-0.628107	0.363719	1.65513	1.37649	-0.256095	0.779441	0.0591763	1.12087	0.159959	0.35172	1.23273	0.235046	-0.793196
-1.32311	0.764251	-1.72019	-0.69604	1.05926	-0.0811784	-0.868425	1.73253	-0.169774	0.0780342	1.45587	-1.4961	0.892779	-1.00942	1.09878	0.384737	-1.43819	-0.0696036	-0.724865	-0.353058	1.04197	0.227603	0.310962	0.90318
-0.185752	-0.0756967	0.685166	0.0454638	-0.0777848	0.988556	0.435817	-0.686855	0.779957	0.656856	-3.32439	0.224207	-0.581074	-0.213617	1.17363	0.888275	-0.95485	-0.167467	0.883604	0.404816	0.713133	-1.11491	-1.34224	0.845158
-0.939659	-0.949745	-0.933843	-0.952016	1.90914	0.571921	-0.808212	-0.583669	-0.94753	2.27633	-0.2795	-0.952246	-0.951932	0.176833	0.399859	0.467641	1.53325	0.781016	0.400557	-0.952993	-0.914969	0.984543	0.20372	0.46151
0.0972103	1.06419	-0.338644	-0.83412	-1.20234	-0.860375	1.25956	0.434321	-1.37422	1.1532	1.81266	-1.69247	1.65473	0.0708554	-0.846037	-0.157439	-0.464455	-0.387017	0.337967	0.31033	0.350175	0.620255	-1.65365	0.645309
-1.19827	0.359544	-1.35793	-0.614563	-0.1845	1.11229	-0.949108	1.1801	-1.22801	0.0284399	1.83282	1.72948	0.134215	0.4476	1.64261	0.485394	-0.456613	-1.14378	-1.45248	-0.33811	-0.774459	0.520757	0.125086	0.099497
-0.583991	-0.674659	-0.41206	-0.691983	-0.383896	-0.0468488	0.590143	0.377671	-0.689037	0.939926	-0.667084	-0.455543	-0.638177	1.92777	-0.691607	-0.692329	-0.484708	-0.673631	1.53681	-0.690403	-0.555132	2.49856	-0.659159	1.81936
0.938809	-0.0747054	0.421103	0.687824	1.03029	-0.333516	-0.19535	-0.584969	-1.55851	-0.436028	0.300383	1.02828	1.46866	-0.846489	0.0838286	-1.24969	0.745923	0.111022	-0.828292	0.664855	-2.03099	1.87877	0.284781	-1.50599
0.897272	-1.30457	-0.470235	-0.148619	-0.983206	-0.0825303	-0.832118	1.34556	0.845337	0.232273	-1.33366	1.75346	0.591454	0.632381	0.708183	-1.32634	0.686295	-0.787067	1.37903	-1.3419	-0.545398	-1.34042	0.366707	1.0581
0.0639623	1.45051	0.395183	0.117118	0.407742	0.908521	0.985116	-0.538193	-0.41504	0.718065	-2.4886	0.290023	-0.750684	0.612136	0.939397	-0.465337	-0.873943	0.0387985	-1.21887	0.370476	2.13487	-0.605083	-1.01952	-1.05665
1.08864	-0.478471	0.719418	0.521513	-1.35723	-0.522209	-0.335336	-1.11127	-0.820537	-0.164471	-0.00229663	1.26116	-0.757823	0.0421348	0.0812946	-1.33486	0.103256	-1.08647	1.61929	2.88362	0.36455	-0.267484	0.127719	-0.574146
0.565413	0.360006	-1.2357	0.717716	-1.08188	0.353572	-1.47764	-1.56371	0.998538	0.632671	0.919364	0.816574	0.677248	-1.70685	0.81096	0.710935	-0.503156	0.689125	-1.70169	0.774042	-1.41375	0.573929	0.517579	0.566707
0.609904	-1.52942	1.70601	-0.314511	-0.894633	0.057337	0.872465	-1.57755	0.384956	-0.084587	-1.72731	0.890317	-1.25761	0.581418	0.872241	-0.991601	0.762041	0.408232	1.62607	0.400643	0.661112	0.0563512	-0.258163	-1.25371
-0.852593	0.82442	0.784273	0.897857	-0.82238	0.82746	-0.114202	1.46641	-0.989526	0.0425714	-2.7328	0.728499	-1.09994	-0.220135	0.237053	0.413855	0.31597	-0.116413	-0.00565251	1.89825	0.680738	-0.250671	-0.722793	-1.19024
