-0.970514	-1.90015	0.238773	0.643475	0.172141	-0.943055	-0.63255	-1.47723	0.0533423	0.343895	1.07031	0.52072	0.327786	1.24558	0.407814	0.36151	0.179682	0.0182463	1.52363	0.418754	0.0434225	0.642426	-2.7902	0.502198
-0.977941	1.03897	-0.967347	0.000323494	0.593915	-0.168335	2.31777	-0.164752	0.0237833	2.01898	-0.56767	-0.522622	-1.3242	0.75984	-1.42163	0.0740836	-0.0635183	-0.865695	0.0282722	-0.492008	-0.848642	-0.825854	1.02118	1.3331
0.512692	0.997369	-2.36054	-0.143659	0.839763	-0.205847	1.0152	0.47751	-0.850176	-0.501502	-0.432887	1.00838	0.131576	0.110045	-2.35137	0.111092	0.936852	-0.174674	-0.406937	0.0829267	2.03382	-0.796444	-0.537263	0.504087
-0.684459	-0.608412	3.28281	-0.477727	-0.397516	-0.401784	-0.704882	0.0109032	1.4729	0.0560776	0.655978	-0.712544	-0.313392	0.0924167	2.31217	-0.438065	-0.777313	-0.475871	-0.235377	-0.00515431	-0.449126	-0.429447	-0.302133	-0.470053
-0.578482	0.318122	4.20874	-0.390249	-0.725412	0.0606683	0.174496	-0.814182	-0.497368	-0.617215	0.0803451	-0.113405	0.171924	-0.539554	0.568569	-0.297847	-0.566711	-0.494921	-0.297385	0.644369	-0.847611	0.0758725	-0.0671482	0.544384
1.39209	1.41339	-2.04112	-0.401768	0.628329	-1.76046	0.361091	-0.350061	-0.338899	0.0879277	-0.387207	0.933612	0.103174	2.16674	-0.589579	-0.0907406	0.43282	-1.59505	0.144521	0.0609637	-0.00268944	0.718403	-1.19116	0.305676
-0.400965	-1.00691	2.22263	-0.789989	-1.03513	-0.0521112	-0.909718	-1.51385	0.836406	1.69132	0.340416	0.735595	-0.815797	0.744987	1.77695	-0.602168	-0.0699188	-0.311211	0.705442	-1.45175	-0.292348	-0.289802	0.483129	0.00478486
1.20402	0.316303	-2.2994	-0.787453	-0.389458	0.0773062	0.0645265	0.240907	-1.48857	1.93116	-0.95831	1.10459	0.733917	-0.511529	-1.9336	-0.632127	0.280025	0.983335	0.694729	0.0679523	0.813255	0.0558146	0.287088	0.145535
-0.0175521	-1.21003	0.846713	0.29475	-1.44003	1.67724	0.533153	-0.250235	-1.84032	-0.877327	0.372974	-0.169657	0.631661	0.775184	1.06237	1.64491	-1.15525	-1.9655	-0.532828	0.364584	0.51284	0.638718	-0.103805	0.20743
0.672174	0.989792	0.549317	-0.154239	-0.677335	-1.45284	-1.43818	0.620253	1.00466	-0.966631	0.687748	1.01994	0.889726	-0.847104	-0.0474697	1.16406	0.938339	-1.45316	-1.45865	-1.44618	0.597523	1.14309	0.527523	-0.862359
0.318518	-0.0971015	-3.69803	-0.482455	0.845535	-0.0759413	-0.130036	0.242049	-0.317158	-0.294776	-0.338439	1.242	-0.551722	-0.243995	-0.361887	0.383599	1.55562	0.152053	0.0692164	0.28655	0.708002	-0.611219	-0.110675	1.51029
1.16783	0.283688	-2.8827	1.78864	0.375891	-0.950123	0.177945	-0.547996	-1.1705	-0.161658	-0.626673	-0.110464	0.808751	-0.676491	0.293808	0.598052	1.39648	-0.486129	-0.624904	0.552071	-0.425023	-0.430938	0.232096	1.41834
0.755032	0.852657	-3.61882	-0.345305	-0.740252	-0.0151411	0.533779	-0.179016	0.0416412	1.38674	-0.686351	-0.0507776	0.913418	0.487846	-0.819465	-0.28592	-0.0827755	0.527125	0.625293	0.218652	-0.782003	-0.531637	1.18871	0.606567
-0.366057	0.786584	-3.52452	0.885372	-0.0898507	0.627404	-0.207096	0.234616	-0.081613	0.149102	0.577168	-0.383703	-0.789378	1.77789	-1.07427	-1.05829	-0.0723637	0.0388611	-0.0677615	0.973077	0.608981	0.106652	0.171893	0.777309
-0.953496	0.303003	3.93821	0.106442	0.152134	-0.0464009	-1.2337	0.0194278	0.21712	0.495847	0.298984	-0.0888347	-0.922641	0.0318553	0.0442436	0.385176	-1.32042	0.285916	-0.363005	-0.403307	0.580665	-0.926179	-0.155076	-0.445967
1.00808	0.109276	-4.16583	0.278187	-0.0156823	-0.152243	0.662118	0.623722	-0.429474	0.800941	-1.2569	0.689522	0.358355	0.246511	0.0822077	0.60337	0.192536	0.209297	0.0490594	0.0503918	-0.179047	0.341072	0.0124069	-0.117871
-1.09076	-0.37442	3.55077	0.706549	0.575104	-0.374062	-0.192786	-1.16893	0.595862	0.22413	1.04274	-0.739703	-0.830025	0.0864351	1.19874	-0.13585	-0.343908	-0.757346	0.414989	-0.379179	-0.879555	-0.725115	-0.434508	0.030828
-0.426535	0.323327	-2.75434	-0.606605	-0.903931	-0.375767	1.32573	-1.25025	0.494589	-0.25525	0.286986	0.110768	1.476	-1.07591	0.659289	1.96263	-0.507554	0.776171	0.501264	-0.153666	0.212601	0.606214	-0.85117	0.425404
-0.34381	0.185337	4.3428	-0.570145	-0.121715	-0.137705	-0.712638	0.00188217	-0.0303579	-0.0718864	0.478037	-0.56476	-0.548517	-0.575572	1.02199	-0.185157	-0.646744	-0.314473	-0.287161	-0.415551	-0.177937	-0.027223	-0.208563	-0.090132
0.0911886	0.530833	1.43376	0.417695	-0.0733362	-0.119949	-0.0331627	0.216722	1.17859	-0.350868	0.478153	0.524978	-0.526031	0.410549	1.64069	0.236227	-0.49679	-2.74869	0.726567	-1.64894	0.147169	-1.61535	-1.05686	0.636861
-0.310301	-0.14601	4.54788	0.277502	-0.422577	-0.279518	-0.130954	-0.275832	0.0499797	-0.276401	-0.0136592	-0.419742	-0.159362	-0.298163	0.538813	0.203167	-0.278155	-0.405952	-0.41435	-0.419765	-0.335311	-0.300661	-0.440428	-0.290199
0.687741	-0.289508	-3.65843	0.812881	0.252568	0.427443	0.646311	-0.269834	0.248324	0.543701	-0.949483	-0.070311	1.29472	-0.557123	0.934806	-0.166617	0.410637	1.12669	-0.802221	-0.139952	0.691659	-0.947114	-0.0547787	-0.172112
-0.839283	0.516223	-2.23833	-1.27804	0.219163	-0.184966	2.30723	1.1089	0.941207	-0.099304	-0.00332552	0.45524	0.295202	0.239688	0.296549	0.724658	-0.753333	0.681388	-0.855918	-0.108926	0.877821	-0.152725	-2.07711	-0.0720116
1.17563	-0.256515	-3.8182	0.45002	0.256524	0.247032	-0.0403262	1.36599	0.249068	-0.275489	-0.780107	0.00830121	0.55581	0.369361	-0.919173	-0.187944	1.27454	0.006834	0.346261	-0.410656	0.801424	-0.00680315	-0.0264839	-0.385102
