0.743634	0.622099	-0.475355	-1.34954	-0.544777	-0.913014	0.00824432	-0.363762	-0.512767	-0.484299	-0.359044	0.0495478	1.24051	0.215059	-0.442218	1.23911	1.19849	0.954087	-2.89303	0.0794916	0.283407	0.195944	-0.434712	1.94289
0.630106	-0.187824	-0.125958	-2.09948	0.307071	0.653268	0.00576939	-0.169539	0.822504	1.02659	-0.760804	-0.565709	0.386722	0.400341	1.12459	0.406339	-0.199389	0.187863	-3.36243	1.01045	-0.0129901	0.353348	-0.500195	0.669364
0.340314	-0.443194	0.482492	-1.37453	-0.312226	-0.343633	0.404675	0.0236697	0.4605	-0.563097	0.722519	0.423422	0.36888	-0.238053	0.149005	0.550454	-0.566907	-0.0369119	-3.85091	0.833231	1.24156	0.704284	0.631753	0.3927
-0.405468	0.784557	0.288931	-0.207658	0.699546	-0.0946154	-0.644189	0.0939763	0.298564	-0.674116	-0.513646	-1.03921	0.858799	-0.0972639	0.912957	-0.735935	0.523533	-0.378602	-3.61672	0.554469	0.852732	1.27038	0.958693	0.310279
1.08151	0.270588	-1.00584	-0.518589	-0.967838	-0.998401	-1.06414	0.433095	-0.32255	1.36112	-1.0563	-1.06721	1.06136	1.11824	1.81092	0.62743	-0.924098	-0.942393	1.47503	-1.01269	-0.863585	0.396261	0.0532988	1.05479
0.860855	-0.76983	-0.766571	-0.768881	0.0658285	1.18673	0.716926	0.103413	-0.733672	-0.772484	0.459493	-0.751854	1.1859	-0.772315	-0.768609	2.31419	1.35181	-0.770471	-0.361497	-0.689255	-0.755923	-0.774165	1.97626	-0.76587
-0.411312	0.653994	-0.828392	-0.111262	0.288971	0.785414	-0.568004	2.28967	0.675305	0.405114	-0.270913	-0.677178	0.560474	0.883272	0.00442058	-0.919184	1.80006	-0.183539	-2.77232	-0.784842	-0.0841956	-0.725797	-0.349823	0.340066
-0.0883416	-0.877465	-0.661498	1.22296	2.12575	0.136515	-0.329481	-0.466958	1.21857	-1.08863	1.24443	0.600362	0.726658	-0.289745	-0.836469	-0.310641	-0.221149	-2.22828	-0.0781972	-0.475438	-0.210344	-1.13858	0.381105	1.64487
-0.26962	-0.224125	-0.970229	-0.972831	2.24193	2.0816	-0.426553	-1.30392	0.498526	-0.385198	-1.10439	0.269625	-0.219541	-0.870458	0.381998	-0.825393	-1.05289	1.59023	0.872034	-0.783572	0.815725	0.00754254	0.84303	-0.193531
-0.167771	-0.0701775	0.0826032	-0.482255	0.886232	-1.02978	-0.266276	1.09182	1.3693	0.620731	-0.564845	-0.580141	-0.409336	-0.287576	0.0468024	-0.038915	0.649194	-0.1373	-3.55972	0.152686	0.343356	-0.165861	1.25635	1.26088
0.253935	-0.11487	-0.336541	-2.49297	0.203654	0.410417	-0.429571	0.735378	0.346957	0.173075	-0.387848	0.117896	0.824522	0.0596712	0.226451	0.238641	0.129197	0.144515	-3.26411	1.22097	0.402623	-0.152766	1.45982	0.230955
0.0453148	-0.886324	1.2372	0.624297	0.462555	0.187231	-0.5604	0.0994978	0.381762	1.00764	-0.321761	-1.36659	-0.598484	0.313797	-0.0141214	0.929828	1.81513	0.741619	-2.92476	-0.924475	0.352792	-1.20152	0.663086	-0.0632934
-0.340267	1.45133	-0.729139	0.289657	0.29057	-0.341011	-0.887665	"-7.38128e-05"	-0.253713	-0.885026	-0.507881	0.578551	-0.233571	-0.503312	-0.452976	1.40049	-0.0168985	0.0960467	3.68434	-0.632134	-0.759795	-0.728897	-0.38659	-0.132033
1.75694	0.749663	1.0532	-0.868384	1.06755	-0.396576	1.50815	-1.13104	-0.540969	-0.452683	0.33007	-0.959813	1.03217	0.593764	-0.899165	-0.128107	0.384236	-0.463455	-2.17017	-0.264418	-0.605417	0.177235	1.39829	-1.17108
0.503299	-0.123207	1.24043	-0.51477	1.92039	1.67603	-1.05975	-0.253427	-0.614874	0.00178358	0.833486	-0.0509504	0.743876	-0.898077	1.04209	-1.26704	-0.205248	0.409999	-2.63993	-0.147242	-0.0511815	-0.866733	-0.0744975	0.395543
-0.757256	-0.057628	0.361991	-0.577579	0.168437	0.048001	-0.996017	-0.4225	-1.54549	0.161022	-1.10224	0.464042	-1.11119	0.991468	-0.0157672	-0.929125	-0.631892	0.615799	3.16874	0.873679	0.252479	-0.639398	0.413533	1.2669
-0.703642	-0.172788	0.698335	0.826124	-0.780079	-0.117622	0.9968	-0.376043	-0.791373	-0.838689	-0.619121	-0.54824	-1.09632	-0.161728	0.590558	2.07662	-0.915613	-1.02443	0.990647	-1.33263	0.745494	0.315953	2.50457	-0.266792
0.463621	-0.558006	0.536987	0.528562	-0.507189	-0.234047	0.640193	-0.598095	0.199331	-0.587092	-0.595495	-0.592895	-0.570988	-0.589761	0.536621	-0.589156	-0.021722	-0.589344	4.08546	0.444717	0.373683	-0.592025	-0.592359	-0.591007
-0.441829	-0.817803	-0.410324	1.36204	-0.121191	0.461932	-0.0697401	-0.783305	-0.692565	-0.560977	0.543845	0.0396397	-0.690702	-0.360191	-0.216463	0.52998	-0.472527	-0.668567	3.90877	-0.258759	0.321302	0.570474	-0.354796	-0.818242
-0.0713374	0.31348	-0.783407	0.768232	-0.356456	0.267006	0.813932	-0.139653	0.282159	0.633078	-0.711348	-0.676391	-0.312309	0.245875	-0.280816	-0.552446	0.0244696	-0.478619	3.84187	-1.04847	-0.219915	-1.19974	0.590233	-0.94942
-0.116818	0.365212	-0.921532	1.12969	0.178731	2.50906	2.15677	-0.103553	-0.195633	1.15316	-0.897311	-0.316191	-0.828114	-0.689503	-1.36249	0.587118	0.225262	0.702397	-1.0885	-0.113669	-0.240954	-1.15855	-0.979896	0.00531254
-0.490695	-0.535647	-0.246865	2.79017	-0.377999	-0.647655	0.0971004	-0.377587	-0.471383	0.612397	-0.331801	-0.447984	-0.262708	-0.351397	-0.350305	-0.940275	0.302764	-0.0222596	3.1952	-0.387644	-0.865734	0.406291	0.296157	-0.592139
-0.278539	-0.433329	0.283429	0.577528	-0.18278	0.0231972	-0.304206	-0.408322	-0.393334	-0.245716	0.32252	-0.49285	-0.471807	0.105935	-0.216838	0.194802	-0.377814	-0.446957	4.48334	-0.460926	-0.401396	-0.362396	-0.0735314	-0.44001
0.372654	1.14067	-0.979766	-1.89469	-0.199533	-0.458171	0.207958	-0.634811	-0.139251	-0.0430761	-1.23922	-0.0512119	0.318446	2.12339	0.588595	0.316479	1.55353	0.149551	-1.5393	-0.68974	0.156363	1.96415	-0.586659	-0.436346
