-0.742081	-0.0687847	-0.186687	-0.973622	1.08938	0.166047	1.35235	1.31002	-0.486028	-1.73782	0.190612	-1.14804	0.642381	-1.39201	-0.53593	-1.8259	0.690623	0.933945	0.478833	0.357728	1.05527	1.56005	0.182523	-0.912852
1.05575	-0.104224	0.0860291	-0.0738157	0.320723	-0.835956	1.53479	0.0472025	-1.82241	1.09277	-0.0807945	-0.685179	0.479791	-1.31277	-0.254991	-2.92748	-0.0475141	1.16609	0.283168	0.200394	-0.136631	0.255695	0.816011	0.943347
-0.273392	-0.602604	0.533694	-0.435738	0.992208	0.0640822	0.19348	0.846155	-1.90558	-0.958238	0.878509	-0.5641	-0.332229	-0.372793	-0.394595	-3.11249	1.30997	1.07361	0.200644	0.609434	0.415026	0.586066	0.487584	0.761289
0.578158	0.149542	0.401172	0.686983	0.0761241	-0.836375	1.07716	0.573367	-1.3408	0.456386	-0.200261	-0.952927	0.224349	-0.426316	0.254258	-3.71213	0.259487	-0.160391	0.185177	1.23006	-0.0504677	0.996012	0.19822	0.333211
-0.0437476	0.892259	-0.772307	-0.996627	0.579221	-0.593242	-0.936235	-0.35566	-1.61163	0.798339	2.53469	-0.673271	0.555245	-0.627113	-0.642896	-0.800473	0.439591	-0.378235	0.527755	-0.227789	2.44024	0.472133	-0.432912	-0.147332
0.625256	-0.655686	-0.790846	1.5146	0.553362	0.200596	-0.36114	0.288519	-0.400433	-0.595565	1.76565	-0.503133	-1.09437	0.11826	0.305029	-2.78894	1.72999	0.254031	-0.0646825	-0.935407	0.777686	-0.0978892	-0.686644	0.841766
-0.0713734	-0.856332	0.667572	-0.223085	-0.0507494	-0.886181	-0.822316	0.786091	1.40644	1.35595	1.56874	0.738164	-0.473833	-1.37829	0.461448	-0.257784	2.08027	-0.756053	-1.26749	0.0789526	-1.15371	-0.922695	0.927129	-0.950867
0.723421	0.110514	-1.28661	0.272861	0.795446	-0.527303	0.424646	0.627675	-0.358967	-1.05999	0.713167	-1.66089	1.04824	-1.05244	1.72655	-0.85381	0.584241	-0.85747	0.612958	-0.696302	-0.616972	1.80903	-1.48578	1.00779
0.38739	-0.862611	0.390455	0.0757708	-0.203434	0.272672	-0.148491	-0.598592	0.11041	-0.81788	-0.167574	-0.597959	-0.141494	-0.566935	-0.346486	3.87865	-0.814759	-0.838	-0.482604	0.799964	1.52498	-0.344171	-0.0719685	-0.437329
0.309594	-0.824287	0.50327	-0.0738391	-0.952708	-0.846792	-0.947354	0.41998	1.52918	-0.529147	-0.728014	-0.531854	-0.635968	1.33666	0.245847	3.02465	-0.684373	-0.362461	0.791711	-0.772515	-0.607762	-0.341888	1.31284	-0.634769
-0.798892	-1.28262	-1.36699	-1.16032	2.17172	1.2433	-0.080412	1.52352	-1.07017	1.38991	-0.743354	-0.570906	0.0111404	-0.748433	0.589203	0.229179	0.503018	0.578317	-0.628451	1.14113	-0.471713	0.750592	-0.916854	-0.291923
0.600216	2.02201	-0.364603	-0.628061	1.77303	0.110852	0.216893	0.662657	-1.69601	-0.359883	0.515026	-1.25873	0.583101	-1.07518	-1.39244	-1.77137	1.60818	0.239133	0.030189	0.143831	-0.289059	-0.190255	0.131347	0.389144
-0.125405	-0.351541	-0.437938	-0.54345	-0.0922676	0.159037	-0.467094	-0.340431	0.809451	0.0384666	-0.466764	-0.273447	-0.368546	-0.029505	-0.158427	4.45742	0.426382	-0.116428	-0.580723	-0.308783	-0.312685	-0.274748	-0.225544	-0.417028
-0.958654	-0.443376	0.468469	-1.30658	-1.76369	-0.382401	-0.736839	-0.899571	1.82846	0.228934	-0.152156	0.397434	-0.410582	0.190809	0.125468	0.926944	1.26449	-1.16001	0.713675	-0.255755	-0.925191	1.33586	-0.204775	2.11904
-0.997917	-0.0855367	-0.190156	-0.861284	-1.07678	-0.979074	-0.0346973	0.58748	1.06626	0.508982	-0.0758705	-0.972597	0.160931	0.646713	-0.221177	3.68463	0.0590748	0.0714173	-0.467554	-0.159602	-0.33677	-0.947024	0.974274	-0.35372
-0.304866	-0.380659	1.23568	0.514356	-0.251019	-0.326193	0.639235	-1.63558	-2.33365	-0.31041	0.135435	-1.51538	0.3471	-0.169087	-0.0752339	-1.24622	-0.484626	1.11857	1.44155	1.74598	-0.0908876	0.486219	0.390603	1.06908
0.350688	0.61273	-0.140751	-0.463012	0.391885	0.284438	1.05642	-0.784514	-2.44645	0.758634	0.42328	-0.168097	0.424717	-0.931397	-0.217395	-2.86182	0.693402	1.80658	-0.220393	0.338386	0.195376	0.401121	0.344037	0.152132
0.133001	2.31017	1.36234	-0.677053	-1.10993	0.245653	-0.141196	-1.14485	0.488965	1.22677	-1.15785	-0.611312	-0.000921116	0.593384	1.91463	-0.348479	-0.412315	-0.610879	0.916814	-1.0886	-0.0783796	-0.345839	0.0877081	-1.55183
-1.07381	0.0526859	-0.129933	2.26247	-1.0209	-0.563433	-0.798265	-0.308251	1.79318	-0.242212	-0.65749	1.85816	-0.320503	0.539816	-0.239419	0.366702	0.845416	-1.44906	0.408904	-0.959476	-1.17563	0.521465	0.942675	-0.653088
0.0709132	1.34845	0.280646	0.266924	-1.81974	-0.514242	-0.21998	0.205517	0.816749	0.620789	0.151728	-0.217127	0.488774	0.443398	-0.535243	1.129	1.70063	-1.11126	-0.55047	-1.88345	-1.66404	-0.818015	1.67546	0.134582
0.361213	0.496295	0.217072	-2.0242	-0.529441	0.11546	0.0672589	-0.279957	-0.252964	-1.0693	1.56719	1.872	0.195029	0.493254	-0.385237	-2.10778	1.01172	1.59643	0.988553	0.0370016	-0.678352	-0.612675	-0.322682	-0.755893
-0.0929013	-0.419527	-1.2782	-0.608791	-0.154877	0.205191	-0.484088	0.578753	1.14154	-0.0197258	0.226085	2.17021	-0.809916	1.5017	0.793395	2.32825	-1.35155	-1.16935	-0.0373773	-1.21346	-0.165864	-0.498798	-0.308307	-0.332406
0.689254	0.568188	1.68499	0.233182	-0.163541	-0.819054	0.334233	-0.629606	-1.30405	0.267048	0.199229	-0.924904	1.14086	0.0888993	-0.310844	-3.06083	1.00398	-0.521648	-0.179636	0.0900684	0.0121439	-0.178714	1.81852	-0.0377652
-0.17598	-0.912166	-1.00777	0.327317	0.444742	-0.480843	-0.751643	0.304294	1.48879	-0.0107313	-0.268041	1.67949	-0.0829787	0.934077	0.860782	3.01684	-0.848454	-0.994451	-0.727926	-0.373103	-0.323903	-0.447643	-0.985419	-0.665287
