-0.526408	2.40976	-1.38081	1.41083	-0.694898	0.808131	-0.598351	0.790798	0.316405	-0.657208	0.273669	-0.433073	1.05518	-2.31138	-0.126847	-1.33804	-0.529661	-0.197918	0.527993	0.199446	-0.052939	0.557454	0.868192	-0.37033
-1.03914	-0.778058	-1.92844	-0.0556772	0.151131	1.72981	-0.207323	-0.0417005	1.09654	-0.317267	0.40112	-1.1051	1.01873	-1.32134	0.193045	0.236464	0.544016	0.853922	1.42834	-1.67808	1.09132	-1.19417	0.615419	0.306439
-0.0619294	0.805858	-1.57738	-1.05695	-0.179058	0.94198	-1.19409	-1.46952	0.0226083	-0.154367	0.179866	-1.50882	-0.110317	0.303017	-0.0235347	0.390699	0.23296	1.25382	1.77695	-1.15774	1.70577	1.48723	-0.632363	0.0253133
-0.602402	-0.164538	0.786923	0.278976	-0.731813	-0.457824	0.24973	0.713282	-0.4343	0.354778	0.331297	1.01188	1.16091	-0.0481032	-1.20607	0.097729	0.787414	0.878645	-2.63045	0.246381	0.0808632	-0.232381	-2.20915	1.73823
1.22706	0.388022	-1.32681	-0.793953	1.09138	0.2215	0.257253	-1.2399	-1.0936	0.708329	1.13184	0.278301	-0.738223	0.837084	-0.721555	1.56424	0.0392987	0.0830315	0.315787	-1.48548	-0.216529	-2.22278	0.624549	1.07116
0.978742	0.653369	-0.24659	-0.85844	-0.974165	-0.698117	-0.00595005	-1.27273	-0.0696909	1.59521	-0.671934	0.637543	-0.858952	0.805581	-0.285769	-1.22078	0.19702	0.698728	-0.146765	2.48542	-1.18001	1.55738	-0.894995	-0.224101
-0.358221	1.75851	-0.200666	1.43753	-0.634735	1.12661	0.459841	0.263126	-0.781339	0.0928175	-0.758834	-1.18028	-1.17939	-0.72587	0.692139	1.70733	-0.791338	-1.12155	-0.116459	-1.67875	-0.528035	0.180643	0.992536	1.3444
1.90686	-0.221625	0.536432	-1.05466	-1.50067	-0.874083	0.862176	-1.1058	0.913275	-1.80515	-0.00107469	1.82107	0.0787317	0.174121	-0.626108	-1.06664	0.872359	0.754505	0.23796	0.376175	1.22461	-0.802252	-0.492413	-0.207792
0.821729	0.388913	0.109844	-0.776558	0.215981	-0.0147157	-0.603078	0.575845	-0.413678	-0.80481	-1.18522	-0.79493	-0.854465	-0.529876	0.927821	-1.25263	0.150328	-0.542316	2.89143	-0.167105	-0.184468	-0.609783	2.2988	0.35295
0.562203	-1.11814	-0.942421	0.349317	-0.540095	0.308762	1.72763	0.505312	-1.20669	0.4699	0.0270265	-0.471528	1.53467	-0.191555	-1.36384	1.1506	-0.415857	0.390476	-0.56064	-1.77446	1.89269	1.01812	-0.668846	-0.682647
-0.0300566	1.1911	-0.482168	-0.358333	-0.595012	-1.21827	0.605598	0.317687	-0.238844	0.0831623	0.466729	0.770032	-0.886676	0.551005	-1.15793	-1.69732	-0.297107	0.186043	-0.633548	2.79878	-0.438256	1.93188	-0.619341	-0.249155
-0.679159	0.00605671	1.50067	1.48071	-0.478015	1.08897	-1.10299	-0.164962	0.980517	1.20295	-0.419686	-0.879007	0.576483	0.414203	-0.997472	0.935294	-0.0877326	0.0945753	-1.15474	-0.257497	-0.492411	-2.63758	0.0274398	1.0434
-0.3663	-1.15052	0.270547	-1.17094	1.01878	-0.609883	1.05579	1.06275	1.15332	0.391308	1.39777	-1.20008	-0.413407	-0.737111	1.30381	-0.063468	0.0756117	0.776358	0.469729	-2.09907	-0.138196	-1.76275	-0.139987	0.875932
1.75694	0.471325	2.36839	-0.623981	0.733635	-0.608406	-0.628178	0.170664	-0.627207	-0.625264	-0.185913	-0.38405	-0.623496	-0.621747	0.0694886	-0.618217	-0.624762	-0.609536	-0.621864	-0.628129	-0.622853	2.57654	-0.622358	1.12899
0.385783	0.876134	0.154657	0.275936	-0.247325	0.473866	-0.788855	-0.568795	0.0092714	-0.814292	-0.430107	-0.402518	-0.490648	-0.600492	-0.644601	-1.15137	-0.123569	-0.267124	-0.890982	3.73073	-0.129964	1.43162	0.61203	-0.399384
0.406356	1.06077	-0.0722107	1.00643	-0.931093	-1.08691	-0.570552	0.392313	-0.916208	0.506269	-0.621731	-0.811405	-0.0190203	1.21924	-0.916976	-0.234942	-0.335012	-0.428938	-0.333533	3.5014	-0.936213	-0.20591	0.153225	0.17464
-0.888474	1.36955	-1.04028	-0.325368	0.300911	0.109094	-0.859163	1.26145	-1.25541	-0.754402	-0.457864	0.104563	0.287686	1.56718	0.463227	-0.497544	-0.380499	1.18843	2.2132	-1.18761	-0.998127	-0.204217	1.09736	-1.11371
0.660567	0.222569	1.42678	-0.233949	-0.655555	-0.878486	-0.147029	-0.363251	-0.561987	-0.226355	-0.749049	2.07419	-0.809738	0.908168	-0.995137	-0.281007	-0.966939	-1.12374	-0.0514333	2.51455	-0.810877	1.41809	-0.303661	-0.066718
1.06591	-0.452638	-1.27046	-0.285287	0.0831675	0.342785	-1.62441	-1.30459	1.15659	-1.37062	0.529358	-1.3453	2.20613	0.533189	-0.2834	1.77597	0.350477	-0.380674	1.04799	-0.148033	0.225568	-0.166035	-0.113815	-0.571855
2.21322	0.332753	-0.87926	0.578953	-0.823152	0.0324965	0.195056	1.58983	-0.391076	-1.5359	0.00861945	-0.573661	0.335166	0.892935	0.508958	0.000533917	-1.08594	-0.311046	-0.746262	1.10473	-2.2173	1.01157	0.430061	-0.671289
0.043252	0.139455	0.559869	-0.737654	-0.782656	-0.392516	-0.381675	0.0911093	-0.273954	-0.978586	-1.09937	1.50715	-0.436706	0.206142	1.88529	-0.159557	-0.665909	-0.95781	1.39587	0.869992	-0.960709	-1.14995	2.54773	-0.268807
0.0194788	0.543574	0.593736	0.797826	0.327752	-1.06542	-1.92446	0.118035	-0.129264	-0.397852	-0.148966	-0.507141	-2.56737	0.72277	1.28195	0.557486	0.127007	-0.0985324	0.589168	1.97012	0.972561	-1.28193	0.112999	-0.613529
-0.28596	-0.0561219	-1.42436	-0.275675	0.0798083	0.549762	0.119221	0.545325	0.611652	0.292828	1.17993	-1.98019	0.0387533	0.268815	0.722614	1.08274	0.0992878	0.431984	1.85824	-2.54525	0.18827	-1.49474	-0.357757	0.350811
0.658143	0.733876	-0.942468	0.404573	-0.334263	0.511436	1.16424	0.1699	0.579591	-0.576092	-0.900786	1.05634	0.344586	1.09703	-2.11867	1.08368	-0.849665	0.199728	-1.92955	1.38731	-0.0721231	0.299024	-0.207737	-1.7581
