-0.287613	-0.0529974	1.83724	2.09101	-0.741577	1.32589	-0.568407	0.032299	-0.491169	-1.36409	-0.43129	-0.338251	0.141373	1.76045	-0.721533	0.737026	0.104554	0.486002	-1.66316	-0.57826	0.552347	-0.475242	-1.43666	0.0820571
0.574486	-0.52519	-1.94174	-1.61737	-0.150192	-1.73052	0.403565	-0.294658	0.372637	0.479808	0.817572	-0.978425	-0.795789	0.181289	0.257716	0.583483	-0.819911	-0.738928	0.919891	-0.285658	1.1216	1.88806	1.37263	0.905636
-0.312835	-1.08571	1.82041	2.36566	-1.33056	1.79528	0.296386	0.13135	-0.263206	-0.984921	-0.113735	0.856379	-0.505467	0.806568	-0.381817	0.247713	-0.136091	-0.848513	0.0348799	-1.36158	-1.38435	0.100419	-0.236074	0.48982
-1.40808	-0.62852	1.94514	1.37474	-0.258955	1.17242	-0.397209	0.10308	-0.710701	-1.70497	0.197828	0.381841	-0.0684565	-1.65713	-0.400914	-0.300185	0.263221	0.534489	1.06825	-1.39932	0.0450728	-0.361727	0.508842	1.70124
0.456433	-0.652747	0.203192	3.06827	-0.998972	2.37454	0.353165	0.00483471	-0.728071	0.204233	-0.523667	-0.849352	0.120111	-0.647379	0.0300998	-1.19702	-0.73429	0.68523	-0.707993	0.0544711	0.235913	-0.351059	0.486437	-0.886384
0.0225544	-0.116274	-1.89447	-1.91772	0.94099	-2.33934	1.3206	-0.420443	1.26256	0.684326	0.226977	-0.489802	-0.600629	0.512241	0.774387	-0.246476	-0.197903	-0.829687	1.1416	-0.178072	0.807098	0.329711	0.249422	0.958354
1.16453	1.75269	-1.00479	-2.14236	0.358155	-1.96686	-1.21035	0.140115	-0.542827	0.889443	1.46527	0.0668352	0.375545	-0.551043	0.231804	-0.00253232	-0.854391	-0.652634	0.491173	1.20298	0.678233	0.533827	-0.407478	-0.0153415
1.71042	-0.353555	-0.237649	-0.128228	0.184649	0.755906	0.444204	0.0472859	-0.308706	1.2028	0.157898	-1.10387	0.426332	-1.03821	-1.57592	0.348336	-0.686171	-0.716292	-0.72802	2.75877	0.115644	-1.77645	0.283632	0.217198
-0.789577	-0.552743	-0.488723	-0.461802	-0.573127	-0.816755	-0.321273	-0.483475	-0.810777	2.03973	-0.809805	1.66495	2.28985	-0.00636946	1.24775	-0.488071	0.522165	-0.178904	-0.734764	1.70812	-0.372668	-0.6177	-0.838639	-0.127382
-0.252895	0.798187	-0.926039	-0.329152	0.44375	-0.988367	0.969827	0.928046	0.158509	-0.89438	1.0648	0.66494	-1.51696	1.02964	-0.501631	-0.0310167	-0.790787	-0.677095	-0.443861	0.669269	2.04408	0.911016	-2.36731	0.037436
-0.482194	-0.931719	1.22535	1.16521	-0.700548	2.17215	0.410916	-1.0195	0.207042	-0.388354	-0.2931	-0.784526	1.85249	-0.128049	-0.842304	-1.71231	0.669789	1.26244	0.0515094	-0.936511	-0.0180126	-0.43295	0.683434	-1.03024
1.39163	1.56519	0.180774	0.529081	0.467495	0.209497	-0.816816	0.519185	-1.00465	0.0752702	-1.17265	1.85485	-0.22958	0.476985	-0.0257726	0.548334	-0.429715	-2.11805	0.800156	-2.08156	-0.246435	-0.68795	-0.399021	0.593755
0.426013	-0.238132	-0.251044	2.46592	0.370359	1.69242	0.943659	0.286849	-0.64734	0.643345	-0.595769	0.915583	0.200819	0.413677	-1.7504	-0.801927	-1.52172	-0.748195	0.0838523	0.0369472	0.5124	-0.105796	-0.524052	-1.80747
-0.0349368	-0.67285	0.68213	2.43981	-0.702294	2.38311	-0.19569	-0.396578	0.123705	-0.102855	-1.59638	0.913873	0.688814	-0.442657	-0.387956	-1.43169	0.453609	0.812425	-0.898362	-1.01466	0.0820262	-0.697742	0.374389	-0.379243
0.355237	-1.10352	0.589463	1.38547	0.128989	-0.678994	-1.35015	1.13715	0.232778	-1.19756	1.23158	-0.899459	-0.570446	0.744224	0.310516	-1.33098	-1.44386	1.61173	0.567493	0.921367	-1.32166	1.14794	-0.555284	0.0879797
0.179017	1.70584	-0.52238	-2.18529	-0.731815	-1.6139	-0.397854	0.200678	-0.290137	0.806567	1.58159	-0.13428	-1.16921	-0.28168	0.480285	-0.246568	0.355157	-1.1989	1.45054	0.533027	-0.897685	0.935595	0.660813	0.780587
1.53903	0.139177	-1.35634	-1.35459	0.639404	-1.00975	-0.859	1.8137	0.324657	-0.689988	1.00474	-0.251237	-0.739882	-0.495531	0.802232	-0.772925	0.937955	1.37613	-1.7868	0.53554	-0.946054	0.372587	0.708555	0.0684016
-0.967502	0.842265	0.834469	1.82496	0.216429	0.564358	0.670961	-0.892065	-1.13696	-0.22873	0.516226	0.284388	0.24865	-1.40259	-0.664035	-0.252295	-0.172074	2.03964	-1.48046	-0.210962	-0.925097	-0.774287	-0.700977	1.76569
0.468262	-0.848947	1.15579	0.907786	-0.120842	1.22284	-0.193795	-0.0641608	-0.249087	-1.76554	-0.516124	1.38041	-0.585747	-1.89475	-1.04588	-0.19294	-0.154107	0.357112	1.46909	-1.93379	0.408332	0.894658	0.837907	0.463514
0.478357	1.25256	-2.36507	0.125925	0.567547	-1.50729	0.0913501	-0.0839589	-1.66466	-0.699739	0.608452	0.121974	-1.1912	-0.34233	1.18481	1.3824	1.4129	0.42461	-0.102568	-0.720226	-0.117749	-0.471176	0.460628	1.15445
1.28291	-0.974334	-0.942697	-0.655178	0.320515	-0.807681	0.559128	-0.393912	0.724773	-1.09445	0.495675	0.361725	0.934613	-0.630945	-1.20231	-1.16559	0.939619	1.24809	-0.215725	1.39281	-1.23442	-1.15992	0.125256	2.09204
-1.21067	1.82863	1.11704	-0.242621	-0.638307	2.84406	-0.173594	-0.247409	0.402797	0.354749	0.462368	-1.04708	0.4013	0.772999	-0.714617	0.744331	0.0762548	-1.24118	-0.858289	-0.0757881	-0.467238	0.0331076	-1.30292	-0.81792
1.7181	-0.442854	-0.583188	-0.607568	-1.11034	-0.83169	-0.697993	0.219192	-0.620812	0.035169	0.287203	0.460765	0.0735707	0.600971	-0.631114	-0.0764766	-0.861617	1.3927	-2.33239	1.83112	0.641443	-0.789426	1.06843	1.25681
-0.377835	0.644183	-1.01956	-2.24352	0.251092	-1.00518	-0.15363	-0.970751	1.2849	0.600155	-0.826397	-0.496456	0.774055	-1.10317	1.40548	-1.23969	1.37146	0.418456	0.698439	0.256852	0.753255	-0.569278	1.5991	-0.0519724
