-0.508346	0.755797	-0.189542	0.738232	-1.26802	-0.532409	0.878347	-1.656	1.13589	1.32271	0.375142	-0.00245119	2.4938	-0.193073	-1.12684	-0.398741	0.10182	-0.603664	-0.372257	1.41927	0.338108	-1.21759	-0.949812	-0.540379
-0.806352	-0.596677	0.743035	-0.226646	-1.86682	-0.445459	0.296705	-2.61532	-0.726681	-0.079846	0.420703	0.115941	0.314244	1.32393	1.22063	0.548884	-0.603435	-0.357435	0.230035	0.108776	2.24327	0.844925	-0.272056	0.185658
-0.977264	-0.831932	0.66144	-0.247246	1.28579	-0.0450724	0.364223	2.01393	-0.529035	-0.218895	-0.921525	0.534841	-0.149187	0.278952	-0.49753	-1.82969	-0.0357939	1.47615	-0.358359	-0.617844	1.84022	-0.549516	-1.60083	0.954175
1.10294	0.291107	-0.450982	-0.707135	1.80467	-0.661987	-0.487342	2.53715	-0.398691	-0.69135	-0.189799	2.34364	-0.617023	0.444443	-0.276774	-0.30484	-0.996669	-0.673819	-0.874176	0.679743	-0.149574	-0.521564	-0.705782	-0.496175
0.0620727	2.49822	-0.0763328	0.827668	1.65983	-0.986554	-1.61336	1.47133	-0.780233	-0.879678	-0.388431	0.252126	-1.64428	1.31143	-0.494937	0.264647	0.130303	-0.300734	-0.579867	0.332299	-0.320234	0.031025	-0.758035	-0.0182904
0.0973133	0.230265	-1.00436	0.8384	1.88039	-0.81127	-0.00498778	1.50975	1.32578	-1.3661	-0.875436	-1.11838	0.36848	0.711416	-0.087107	-0.162193	-0.190955	-0.558819	-1.09804	-0.819147	-1.32118	1.28054	-0.445087	1.62072
0.717482	0.265896	-0.126594	0.0426027	0.875479	0.543283	0.919241	1.83146	0.874272	-0.240634	-0.853647	0.600756	0.666092	0.496289	-1.44771	0.44274	-0.59185	-0.0908515	-0.309041	-2.08017	0.5215	-1.61241	-2.05368	0.609495
0.104769	1.52113	-0.948298	-0.00840157	0.292044	0.759501	0.685341	-0.488331	-0.0837251	0.415856	-1.03614	-1.07809	-0.394858	1.43923	1.68253	0.969655	0.837318	-0.849425	0.557696	-1.57778	-1.73138	-0.121573	0.600554	-1.54763
0.0836189	0.601181	-1.00166	-0.287332	1.00189	-0.885687	1.36362	-0.786423	-0.536412	-0.435042	-0.288843	-1.86619	0.462659	-0.48024	1.7495	0.285117	-1.02079	0.325698	-0.284318	0.387878	2.59261	-1.11827	-0.311254	0.448693
-0.110663	-1.61187	-1.21619	1.03148	0.356566	0.689831	-1.6874	2.23053	0.460737	0.135971	0.60537	-1.2906	-1.28102	-1.45398	0.1234	-0.578586	0.434311	0.463682	0.0370296	0.601793	1.37927	0.249722	-0.122644	0.553268
1.17333	0.606895	0.429577	0.186869	-0.429998	0.42392	-0.237483	0.0523922	1.49059	0.570649	-1.0099	-0.1934	-0.352643	0.429504	0.304026	-1.8387	0.668536	1.10048	-0.481771	-0.498626	1.12677	-0.552046	0.113067	-3.08204
0.472389	-1.5494	-0.313899	-1.0571	0.509409	0.331094	0.795046	-0.857133	-0.477157	-0.285132	-0.72417	-0.095504	-1.1239	-1.19837	1.01713	1.95121	-1.02367	1.02023	-0.205635	0.104061	-0.599554	2.46214	0.666682	0.181225
1.63506	0.10884	0.503835	0.15825	1.51859	-2.15853	0.762999	1.48827	-1.42092	1.08189	-0.832124	0.150502	-0.890832	-0.105207	-0.373294	0.371041	-0.0230967	-0.24586	-1.12886	1.03841	-1.4449	0.282386	-0.782526	0.306061
-0.0465635	-1.01252	0.916708	0.936729	0.569822	0.782596	0.0484875	-1.33497	-1.0693	-0.86933	0.510485	0.23853	-1.20687	2.01805	2.07043	-0.855473	0.908448	0.153783	-0.464381	0.321288	0.20023	-1.69382	-0.384826	-0.737527
0.924488	1.08065	-1.10058	1.47151	-1.27937	0.708079	0.833073	0.898067	-1.10608	1.97951	-0.970974	-0.0317727	0.321529	0.0833444	-0.680435	-0.00514268	-0.893883	-0.290468	1.27412	-1.22156	0.722716	-1.36764	-0.648579	-0.700593
-1.32051	-0.77234	0.0252811	0.170943	1.67058	0.00321748	-0.454026	0.416452	0.107931	-0.544579	-0.922495	-2.11825	-0.180436	0.772385	1.1763	-0.644362	1.78327	0.340928	0.0197018	-0.805771	2.19369	0.165851	-0.463661	-0.620099
2.35796	0.619762	0.163317	-0.984249	0.744114	0.478573	-0.980246	0.707168	-0.279085	-1.32658	-0.592585	0.216945	-1.33746	1.04346	-1.32564	0.931623	0.367486	-0.0320003	1.21714	-0.0904466	-0.148954	0.918763	-1.44418	-1.22489
0.951209	-1.06203	-0.588523	-1.75911	1.92893	1.17815	-0.477217	-0.318639	0.303192	-0.300285	-1.04152	-0.276763	0.0210619	1.64865	-0.0114842	1.21073	0.0904448	-1.21198	-0.635721	-0.0532836	-1.36426	1.30156	-0.477965	0.944851
-1.15856	1.18186	1.30295	-1.87059	-0.592158	-1.34139	-0.174786	-0.834741	-0.603854	-1.567	0.307981	0.876042	-0.0543006	1.39358	-0.224468	-0.418346	-0.906466	0.771305	-0.371213	0.705678	0.281771	1.6407	0.564195	1.0918
-0.340829	0.5912	0.362789	-0.866554	-0.829725	1.05988	0.747443	-2.67174	-0.186785	0.524331	0.795873	0.120625	-0.319852	-1.46008	0.574202	0.396864	1.20138	2.10344	-0.615226	-1.28212	-0.136101	0.0746161	0.59665	-0.440287
-1.04585	-0.183196	0.402427	-0.0629935	-1.34609	-0.864166	0.951353	-0.792711	-0.273364	1.298	-1.45092	0.309445	1.94286	-0.182548	-1.00388	-0.572972	0.518553	0.163622	1.87312	-0.0982497	0.682416	-1.37357	-0.375444	1.48416
-0.647776	-0.571328	0.384312	0.153663	0.821288	0.478061	-0.979899	0.280014	-1.91146	1.91667	-1.51477	0.0575622	-1.0281	0.873743	0.0820008	0.409269	0.0551938	-1.0832	0.715916	-0.630115	1.59037	-1.10013	1.64184	0.00687836
0.421289	0.589483	-1.31767	-0.822969	-0.296042	-0.617557	-0.408065	0.637316	-0.725855	-0.354421	-0.0945687	0.0294037	-0.715366	0.47322	0.678194	-0.396313	1.8213	-0.13163	0.149711	-0.224252	1.80304	0.386136	1.77213	-2.65652
-0.587025	-0.289285	2.46303	-0.107627	-1.47884	1.83557	-0.697426	-1.18127	0.22157	-0.625044	1.16697	-0.565698	0.0753088	-0.723884	-0.391	-0.24347	-0.386135	-0.182734	0.353842	1.13359	-0.700975	-1.01092	1.74815	0.173293
