0:	0.673208 0.326632 -0.269259 0.781098 -1.07488 0.0435231 -1.36366 -0.794987 1.14317 1.09581 -0.290502 -0.299931 -0.179144 -1.20987 0.68434 0.0420684 -0.652951 -0.598692 -0.687897 3.34895 0.534906 -0.731683 -0.136725 -0.383521 
1:	0.886173 0.634481 0.584275 0.691465 2.39944 0.587944 0.213253 0.124008 -1.67435 0.0616632 1.4531 -0.220259 0.0316666 -0.172979 -0.788112 0.129974 0.444386 -0.739884 0.222114 -2.30181 -1.0632 0.393501 -0.859747 -1.03711 
2:	0.361713 -1.68527 0.0311701 -0.924244 -0.258585 -0.108847 -0.54334 0.994909 -0.478897 0.0500732 -0.38308 1.61754 -1.57474 0.888815 -1.16073 -1.03414 0.7933 0.38983 1.44027 -0.0633251 -0.392311 -0.630128 2.37263 0.297384 
3:	-0.847863 0.24348 -0.767235 0.508413 -1.6885 -0.0197385 1.29113 0.608342 0.900659 -0.158941 0.528368 -1.56645 0.693517 1.09198 -1.28825 1.35014 -1.30881 -1.45461 -0.684472 0.0209514 0.200255 0.461013 0.0974839 1.78914 
4:	-0.954582 0.216089 -0.795034 0.549498 -0.087236 2.49636 0.659712 -0.825287 -0.0984184 0.0214555 0.178075 -0.937607 1.75328 -0.961362 -0.439258 1.67303 -0.963695 -0.928039 0.907451 0.356513 -0.887821 -0.930107 -0.852186 0.849174 
5:	1.23837 -0.0291234 -0.808471 -0.397205 -1.6366 0.0179482 -0.984977 -0.562152 2.08068 1.09267 -1.06565 0.0911635 -0.0139661 -1.46455 1.53934 -0.937138 -0.468231 -0.157861 -0.948185 1.279 0.570627 0.0410971 0.335705 1.18749 
6:	0.563322 -0.0621609 0.672384 -1.41832 0.0246755 -1.15111 -1.03362 -1.02412 0.546872 0.0549097 0.254 0.435847 1.64739 -0.943024 0.22205 1.71876 -0.117843 -1.6775 -1.85714 0.389044 0.189194 1.13407 0.0707669 1.36156 
7:	2.39789 0.612757 -0.775708 1.27649 -1.12114 0.344606 0.592052 -1.6513 1.32147 -0.377471 -0.103157 -0.989681 0.840316 -0.391147 0.496778 -0.0702281 0.335234 -1.20141 -0.327899 0.750662 -1.29775 -1.12344 -0.447559 0.909639 
8:	0.387751 -0.861491 -0.256842 -0.634831 0.138196 0.0251037 2.00516 0.537284 -2.04567 -0.588614 1.15641 -0.86994 -0.0820099 1.59791 -0.849259 0.61518 0.866642 0.997973 0.527916 -1.24373 1.01368 -0.350806 -1.29355 -0.792448 
9:	0.0828619 0.936073 -0.460822 0.156486 0.356421 0.795433 0.608131 -1.90013 -0.655513 -2.63647 -0.851804 0.0654041 -1.27515 1.32239 -0.395742 1.13785 1.06362 0.310498 -0.0411392 -0.816504 1.19625 -0.149229 0.885064 0.266014 
10:	0.512647 1.64629 1.12322 -0.253752 -1.11006 1.26387 -1.13295 -0.861131 2.11354 1.19531 -0.920648 -0.0986022 0.0366551 -1.02837 -0.182422 -0.719342 -0.245915 -1.03239 -0.900256 1.39673 -0.804858 0.761742 -0.579025 -0.180281 
11:	0.882879 -0.0833579 1.71641 -0.660162 -0.88051 -0.652779 -0.956623 -0.794898 0.829261 -0.185924 -0.670958 -0.424089 0.300508 -0.891262 -0.333579 -0.570899 0.433701 -0.735266 0.317933 3.39388 -0.437125 -0.200289 -0.267579 0.870731 
12:	0.0403951 -0.921472 -0.694814 0.656365 -1.20242 0.432161 1.35552 -0.0334839 2.15467 1.06509 -0.537631 0.744168 -1.35114 0.783974 -0.898909 -0.866887 0.23918 -0.12153 0.00591854 -1.65721 -0.389444 -0.678571 1.92663 -0.0505426 
13:	-0.957423 -0.911755 0.255851 -0.843823 -0.88638 1.17779 -0.851029 -0.951473 1.80896 -0.911886 0.401801 1.10726 -0.650796 -0.909075 -0.957169 1.40558 0.468261 -0.778889 0.781119 1.74003 1.27269 -0.925653 -0.156412 0.272432 
14:	-0.171002 -0.226434 -0.40767 0.515254 -0.998015 -0.376644 0.404851 -0.0982063 2.56034 0.132831 -0.198746 0.503972 -1.41896 -1.3487 0.724294 -0.877296 -0.83268 -0.150809 0.049929 0.315172 -0.345664 -1.33857 1.92539 1.65736 
15:	1.70737 0.289055 -0.612144 -0.289924 2.11376 -0.576412 -0.79835 1.03542 0.168544 -0.545219 2.62139 -0.568602 0.486252 -0.5232 -0.589106 -0.727989 -0.768804 -0.770397 -0.525406 1.15012 -0.702496 -0.598016 -0.40331 -0.572543 
16:	-0.541676 -0.98361 1.59257 0.179932 2.23561 -0.187025 0.841747 -0.127101 -1.58294 -0.947754 -0.642191 -0.209813 -0.688924 1.45499 -0.437296 0.536746 -0.698838 0.314091 1.98024 -0.502484 0.311121 -0.471188 -1.15172 -0.274491 
17:	0.769758 0.291491 -1.19378 -1.18648 -0.552805 -0.213853 -0.896214 1.40696 -1.51858 0.18214 0.646465 1.23514 -0.376762 1.26382 0.662761 0.998621 -0.322198 0.0890475 0.469041 -0.563644 0.0752797 0.685651 0.736825 -2.68868 
18:	0.972672 0.557024 -0.821531 -0.839388 0.743873 1.85472 0.588096 0.818105 -0.744729 -1.43983 1.36989 -0.530652 1.63065 -0.710282 -0.998559 -1.58526 -0.444485 0.0472625 1.01491 0.158721 0.280241 -1.04607 -1.17427 0.298876 
19:	-0.624993 -0.209864 -1.35094 0.657981 0.659184 -0.500792 0.376334 0.993556 -0.918917 0.474399 0.33212 -0.768249 -0.893258 2.22428 0.123787 1.36817 -0.665955 -2.21488 -1.26857 0.0328716 1.34814 0.0724815 0.488112 0.26501 
20:	0.936725 0.00220397 0.454114 -0.175939 0.521636 0.153924 2.46973 1.41971 -2.0263 -0.177388 0.437253 -0.827876 0.253918 -1.04729 -0.0960642 0.944112 0.414991 -0.63709 0.183212 -1.82549 -0.959693 0.850173 -0.578989 -0.68958 
21:	0.466755 -0.192881 -0.384879 -0.0165178 0.790567 1.37536 -0.0908783 0.820456 -2.15721 0.245295 0.0491315 0.274411 -0.173428 -0.437617 0.548697 1.5047 1.57425 0.132187 0.143212 -1.56023 -0.749557 0.94429 -2.09725 -1.00886 
22:	0.765093 0.13649 0.0460522 -0.633673 -1.28609 -1.24402 0.505831 -0.899686 1.18297 0.816352 -1.48647 1.378 -0.729714 -1.17356 0.596478 0.724112 -1.55888 0.809707 -0.77952 -0.676373 1.21834 0.226974 1.7198 0.341788 
23:	1.33871 0.679969 -1.07167 -0.817544 1.13392 -0.629949 1.14674 1.68124 -2.59034 0.047624 0.620418 -0.65661 0.302219 0.346496 -0.250888 0.822132 -1.86653 0.364131 0.0400625 -0.419937 -0.812499 0.0950112 0.387815 0.109486 
