0:	0.184406 0.614176 0.653454 -0.0838521 0.543056 -0.90815 1.11405 -0.333469 0.438687 0.408621 0.955043 0.762321 -1.70521 1.19778 0.482369 1.15238 0.071467 -2.06957 -0.558349 0.769292 -0.904286 -2.05433 0.480893 -1.21079 
1:	-0.491452 0.402266 -1.28128 1.30891 -1.28811 -0.00225336 -1.21266 -1.04155 -0.0646565 0.363525 -0.11725 0.247829 0.93249 -1.16545 -0.610413 1.0713 -1.17479 2.17766 1.51056 0.226971 0.0390594 0.623983 -1.25633 0.801654 
2:	-0.182396 -2.54693 0.00718072 1.19197 0.0965458 -1.61492 -0.383566 1.55467 0.773174 0.291529 0.461956 0.674466 0.0236242 0.72582 -0.874638 -0.571896 -0.22859 0.0260757 1.36968 -0.275424 0.00668613 0.826303 -1.96143 0.610115 
3:	-0.557469 -1.48085 0.261927 -0.335953 0.471932 -0.85324 0.254294 0.893083 2.15713 -1.80423 0.953762 0.00917545 -0.864567 1.96142 1.0784 -0.574567 0.339169 -1.03914 0.637359 -0.830477 -0.478574 0.645503 -0.811434 -0.0326423 
4:	1.56204 0.370483 -0.302589 1.60696 -0.782809 2.13273 -0.595733 -0.248783 -0.234219 0.469582 0.490061 -1.00924 -1.25495 -0.0572071 -1.00082 -0.0696269 -1.30501 1.30527 -0.589261 -0.173994 -0.443417 -0.108399 -1.30019 1.53911 
5:	0.690311 0.702124 -2.78289 0.898713 -0.0445132 0.0463798 0.765638 -1.47849 0.268513 0.360082 -0.278782 -0.735479 -0.391611 -0.596708 0.819287 -0.289256 1.18158 1.01839 0.73137 -2.17163 0.893731 0.366111 0.00875265 0.018372 
6:	0.0221879 -0.386772 -0.899781 -1.06121 0.662106 0.46591 0.556728 1.11479 -0.420545 -1.63276 0.537804 -1.01456 -1.00531 -0.0783609 2.53018 -0.0433681 0.242219 0.298146 -0.0139762 -0.525916 1.73717 0.315767 -1.84078 0.440343 
7:	0.0222707 -1.07236 -0.304289 0.0557539 0.747494 -2.47706 -1.20427 0.334518 2.35591 0.498492 0.594844 0.0887879 0.769013 -0.381427 0.608644 -1.29099 -0.0952442 1.55814 0.351151 0.421038 0.386781 -0.16641 -1.01537 -0.785421 
8:	1.071 -0.943428 0.453341 -0.723684 0.0250837 -0.127147 1.34146 0.569363 0.398502 -2.18042 -0.375289 1.04068 -1.5685 -0.180131 1.3447 0.705455 0.0355504 1.28662 -1.25966 -1.91014 0.176156 0.329096 0.298901 0.192491 
9:	-0.131824 -2.14311 -0.0949177 -0.842977 0.498944 -2.34468 0.946829 0.259574 0.250744 0.855918 0.221928 0.661089 0.52294 -0.0961926 -0.570209 -0.915071 -0.606197 1.41457 0.425231 0.167994 1.0211 0.334416 -1.41593 1.57984 
10:	-0.650903 -0.651062 1.86972 2.32954 -0.0338655 -0.65766 -0.633675 0.689877 1.43206 -0.669976 -0.656357 -0.661984 -0.183249 -0.672695 -0.602938 -0.261212 1.17139 -0.637705 -0.602756 -0.572811 -0.56394 2.09242 -0.22963 -0.642588 
11:	-0.0683519 3.16617 0.266503 0.00116624 0.0129967 0.244813 1.01671 -0.341241 -0.0859759 -0.640344 -0.203685 0.205396 -0.475542 -0.410868 0.252301 -0.317219 0.352443 -1.22072 -1.25544 -0.494123 -0.0896728 -1.29135 2.19998 -0.823952 
12:	0.0726313 1.56246 0.408469 0.592667 -1.17346 2.71692 -1.00788 0.297781 -0.455242 -0.429772 -1.18084 0.015792 -0.96966 0.460176 0.515482 0.732698 -0.088999 -1.22764 -1.32534 -0.917134 0.58947 0.0601794 1.29351 -0.542271 
13:	-1.25703 -0.409416 0.697574 0.832215 -0.799067 -0.790856 -1.01784 0.372413 1.82657 -0.0808129 -0.0130077 -0.894028 -0.656561 -0.663461 2.84008 0.414489 -0.623199 0.265901 0.728539 -0.100315 1.37515 -0.553672 -0.933807 -0.559865 
14:	-0.976002 0.18977 1.26199 0.940266 -1.30219 0.112723 -0.52585 -0.327642 -0.213976 -1.00118 -1.1511 -0.811238 -0.500749 -0.471303 1.32464 -0.716372 0.142312 -0.0873234 0.269633 1.16087 0.313283 -0.590173 -0.16277 3.12238 
15:	-0.482908 2.80777 -0.492513 -1.25912 0.187453 1.965 0.497422 -0.254756 -0.558455 -0.235611 -0.379495 -0.413853 0.684632 -0.435607 0.0638831 0.433476 -1.0834 -0.728666 -0.570701 0.550567 -0.69199 -0.600082 1.8483 -0.851336 
16:	-0.171502 -0.312974 -0.426829 0.910672 0.0984518 0.462828 1.06635 0.983582 0.216739 1.88295 -0.167428 -1.77739 0.145701 -0.0786319 -0.215485 0.625611 0.265509 -3.02272 0.200411 -0.0911608 1.26009 -0.917368 -0.754411 -0.182988 
17:	0.158071 -1.57418 -1.74627 0.548438 -0.304316 0.378436 0.0948631 1.23022 0.92159 1.54288 -1.94307 -0.249681 0.844285 0.34003 0.900331 -0.604756 -2.01373 1.24283 0.232003 -0.274672 -0.0492366 0.51973 -0.481454 0.287656 
18:	0.688807 0.208547 0.246165 0.138075 0.284575 0.667426 0.241272 -0.320567 0.300221 -0.483851 0.321889 0.261804 -2.49557 1.61525 0.298772 2.07742 0.277373 -1.43807 -0.404043 -1.72881 -1.50242 0.13201 -0.0223111 0.636035 
19:	0.863989 -0.00625537 -0.711669 1.39633 -1.0105 0.225845 -1.2323 -0.372517 -1.20177 -0.561096 -0.769631 -0.917352 1.65155 -1.4515 0.289358 0.825417 -1.19053 1.74522 0.798864 -0.575384 1.27697 1.02222 -0.332979 0.237731 
20:	-0.416629 -1.37006 1.35135 -0.646395 0.379581 0.321772 0.249606 0.869134 -1.64681 -0.205252 0.836342 -0.216931 -1.17329 0.224533 -0.00549226 -0.0731124 0.354347 -1.65247 0.816241 0.506279 -1.11621 2.73505 0.251007 -0.372587 
21:	1.07111 -0.92729 -1.09566 0.953922 -0.716391 0.574921 -0.889534 -1.61113 0.899671 0.439481 -0.211162 1.17298 -0.407204 0.377575 1.10376 -0.69854 -0.360312 -0.121542 1.6778 0.63046 -1.84223 -0.729455 -0.803167 1.51194 
22:	0.335626 1.93574 0.529505 0.84385 -0.45568 1.32757 -0.186238 -0.562634 -2.27342 -0.471836 -1.80789 -1.47952 0.248681 -0.271625 -0.651008 0.76893 0.848702 -0.918838 0.455167 0.678114 -0.277824 -0.203751 1.12247 0.465918 
23:	-0.079023 -0.1929 0.936333 1.78284 0.684382 -1.49312 -1.00033 -0.704628 1.64388 -0.632868 1.00222 0.0519279 -0.378678 1.05705 -1.00199 -1.82135 0.732082 0.304719 -0.242022 0.589139 -1.54195 0.895401 -0.854929 0.263812 
