0:	-0.361307 0.0162546 0.302277 -0.494962 -2.04448 0.95505 -0.587053 0.610916 0.17303 0.120261 0.84252 0.382027 0.90278 -3.38229 -0.313189 -0.378807 0.511489 0.848973 -0.00733098 1.15592 0.273056 -0.546644 0.273499 0.748011 
1:	-0.033586 -1.72275 -0.484846 0.581899 -0.907351 -1.02668 -0.770342 0.721061 1.82539 -0.559521 -0.347147 -0.112076 -0.0769232 -0.816726 -0.262142 -0.255304 -0.222407 2.32358 0.696582 -0.579286 -0.0539906 2.26691 0.384014 -0.568354 
2:	0.00658203 0.449054 0.0900027 0.518398 0.801039 0.498996 1.07224 0.564173 -0.186632 0.389145 0.018041 -0.552424 0.386705 -0.1558 0.51352 -0.0176188 0.160788 0.689756 0.949128 -2.51304 -2.8321 -0.0524358 0.860972 -1.65849 
3:	-1.04524 0.591444 -1.62828 -0.064616 0.261718 -1.18213 -0.375549 1.01632 0.765076 1.01779 -1.84503 1.05385 0.827287 -1.43438 0.0772154 -1.3577 0.284515 0.893515 0.173314 1.00564 1.18884 -0.411217 1.09741 -0.909796 
4:	-0.171971 -0.900222 0.594953 -0.912259 -0.817824 -0.313987 1.36384 -0.225222 0.38741 -0.902507 0.259192 -1.73712 1.48103 -1.15489 1.57995 -0.482232 0.802527 0.249347 1.40345 -1.82012 -0.47326 0.0706816 0.475816 1.24342 
5:	-1.04265 1.21196 -0.174645 0.685087 0.338091 -0.70473 1.57507 0.268714 0.0306645 -0.840901 -0.870344 0.53954 1.51854 -0.90729 -0.421619 0.622711 -1.12948 1.62219 -0.895338 -1.50191 1.29641 0.423477 -0.0622957 -1.58126 
6:	0.660491 1.10466 -1.38275 0.703228 1.50405 0.974365 1.0922 -1.10149 0.0650497 0.523304 0.386287 0.0747313 0.158216 -2.26817 -0.0984263 -0.869311 0.142851 0.982225 -2.17316 -0.0304541 -0.297721 -0.694729 -0.239122 0.783671 
7:	0.0664769 -1.43015 0.267814 0.019101 0.715188 -0.804221 -0.0601211 -1.52195 -1.70156 0.230005 -1.42746 -0.403315 0.0607375 0.985246 1.93296 -0.189218 -0.853894 -0.103215 0.443261 -0.00693494 -0.42132 1.97171 1.02867 1.20219 
8:	-0.54709 0.216554 0.0356706 0.734046 -0.520982 0.00547578 -1.30327 1.00781 -0.618637 0.0052953 -0.862999 -0.114177 0.686765 2.51251 -0.777575 -1.7636 -0.617889 0.113727 -0.101637 -0.446856 -0.322161 1.61444 1.87517 -0.810582 
9:	-0.105963 1.23469 -0.569775 0.00861556 -2.38612 -0.949844 0.343515 -0.508346 -0.0341158 0.119063 0.870343 -0.611829 1.99602 1.51571 -1.56951 -0.328632 0.454773 1.21984 -0.976975 -0.990933 0.335379 0.204446 0.124313 0.605336 
10:	-1.7271 -0.0114106 -0.872626 -1.35954 1.76226 0.558801 1.17133 -0.653062 0.485049 -0.781974 -0.081724 1.13762 -0.0177747 -0.728302 0.00499304 -1.51961 -0.40345 1.89725 -0.493272 0.0465608 0.00420026 0.925754 1.35836 -0.702326 
11:	0.272073 0.9624 0.324256 0.613251 0.803674 1.16711 0.718479 0.162068 -0.31847 -0.0152296 -0.0182952 -0.56596 0.530915 0.0975951 0.491399 0.357736 -0.187027 0.668189 0.290031 -2.41446 -2.77365 0.144578 0.552299 -1.86296 
12:	0.373686 0.418031 -0.207424 2.15563 -1.49366 1.43424 -0.81788 -0.878864 -0.0599501 0.259315 -1.46726 0.337294 1.08993 -0.953535 1.79268 -1.03108 -0.58533 0.0693322 0.340991 0.906434 -0.398468 -1.01379 -0.858533 0.588205 
13:	0.413344 -0.243908 -0.874537 -0.409409 0.882559 -1.2551 0.579284 -0.311613 -0.537211 -0.830796 0.120595 0.0951438 -0.584823 2.60668 0.468317 -0.883221 0.645791 0.328011 1.41957 0.193601 1.07119 0.539083 -1.76758 -1.66496 
14:	1.12197 -0.605036 0.990254 -0.683033 -0.145557 0.37634 0.842942 -0.798183 -1.24786 -0.538887 2.7554 -0.889732 -1.05647 0.916054 -1.30889 1.16111 0.21663 -1.03747 0.361047 -0.487477 -0.499974 0.432237 -0.723088 0.847677 
15:	0.219519 -0.368053 0.327983 1.21132 0.0493986 0.188018 -0.0847517 0.214027 0.256744 -0.0546086 -0.266558 0.29922 0.965841 1.04116 0.067342 0.433691 -0.782083 1.46769 0.198449 -2.55324 -2.93631 0.639111 0.0606295 -0.594533 
16:	-0.878613 -0.198085 -0.293612 -0.119602 1.08716 -0.795721 -0.588454 -0.572113 -0.353993 1.20897 -0.185543 0.219848 -0.526515 -0.267963 -0.511576 -0.55687 0.881953 -1.19299 -0.425404 0.20508 3.50363 1.3287 -0.678214 -0.290083 
17:	0.134409 -1.237 -0.328771 0.875905 -0.658754 -1.05509 -0.71372 -0.487859 -0.023079 -0.548341 -0.46848 0.411593 1.80207 -0.825121 0.252766 -0.666347 1.29158 -0.315049 -0.952626 -0.683155 0.406555 3.06031 0.694269 0.0339364 
18:	-0.732824 -0.282183 -0.951339 -0.515138 -0.484047 -0.195661 0.18404 0.151298 -0.973686 0.566319 0.220799 -1.13701 0.285646 -1.03243 -0.37688 0.314492 -0.204122 -1.10683 -0.23939 3.41395 0.225577 1.67823 0.190094 1.00109 
19:	-0.784888 1.67492 0.00484544 -1.09545 0.022359 0.648464 -1.05468 0.0485094 -1.0552 -0.0602208 0.0836229 -1.03821 -0.931343 0.0803305 0.824413 -0.841012 -0.946787 0.247406 1.1034 -0.0115001 2.73474 -1.07918 1.23494 0.190525 
20:	-0.278101 -0.0332045 1.05999 0.121265 0.773398 -0.711924 -0.987068 0.951928 -0.21684 -0.548966 -0.531395 0.138564 -0.621936 2.29329 -0.54858 -0.602769 -1.08906 -0.639942 -0.749167 -0.42168 1.68067 2.3804 -0.761513 -0.657355 
21:	0.96203 0.698769 0.535541 0.522437 -1.72509 0.859245 -0.176035 -1.90716 0.677489 0.399242 0.308317 1.28273 -1.91055 -0.583656 0.289837 1.31759 1.11137 0.843944 -0.425906 -1.66785 -0.547629 -0.266557 -0.382471 -0.21564 
22:	-0.369578 -0.208867 -0.426087 -0.448865 -0.481863 -0.598044 -0.0750851 0.102994 -0.0891092 -0.5948 -0.456411 -0.388834 -0.602622 -0.264059 -0.152316 -0.429972 -0.608849 -0.446846 -0.60216 2.92155 3.07259 -0.0240276 -0.0749545 1.24621 
23:	0.161026 0.450768 -0.664527 0.662922 0.621104 1.3018 0.771585 -1.12164 -1.07375 -0.434073 -0.572978 -0.593092 -0.845215 1.07854 0.425375 0.289278 -0.401539 -1.05913 -0.292649 -0.701027 2.93994 1.07401 -0.78271 -1.23402 
